examples/commissioning_2022may/targets_S22A-EN16.ecsv
# %ECSV 0.9
# ---
# datatype:
# - {name: obj_id, datatype: int64}
# - {name: ra, datatype: float64}
# - {name: dec, datatype: float64}
# - {name: epoch, datatype: string}
# - {name: pmra, datatype: float64}
# - {name: pmdec, datatype: float64}
# - {name: parallax, datatype: float64}
# - {name: input_catalog, datatype: string}
# - {name: filter_name, datatype: string}
# - {name: psf_mag_g, datatype: float64}
# - {name: psf_mag_r, datatype: float64}
# - {name: psf_mag_i, datatype: float64}
# - {name: psf_mag_z, datatype: float64}
# - {name: psf_mag_y, datatype: float64}
# - {name: psf_flux_g, datatype: float64}
# - {name: psf_flux_r, datatype: float64}
# - {name: psf_flux_i, datatype: float64}
# - {name: psf_flux_z, datatype: float64}
# - {name: psf_flux_y, datatype: float64}
# - {name: priority, datatype: float64}
# - {name: effective_exptime, datatype: float64}
# meta: !!omap
# - {proposal_id: S22A-EN16}
# schema: astropy-2.0
obj_id ra dec epoch pmra pmdec parallax input_catalog filter_name psf_mag_g psf_mag_r psf_mag_i psf_mag_z psf_mag_y psf_flux_g psf_flux_r psf_flux_i psf_flux_z psf_flux_y priority effective_exptime
731253779217024640 161.8474075647758 28.39520307666596 J2016.0 177.65781971456406 -824.6601678189148 11.37137153962014 gaia_edr3 "APASS DR10" 10.528 10.115 10.334 9.947 "" 223254386.16167465 326587832.17233586 266931606.36242872 381241351.1042988 "" 1.0 10.0
6858374206854249728 310.20596352580003 -18.794489281089998 J2016.0 45.217 -429.945 15.8218 gaia_edr3 "APASS DR10" 8.401 8.061 7.91 7.952000000000001 "" 1583434123.914576 2165708494.710075 2488857318.2823915 2394418172.863379 "" 1.0 10.0
2658240166703766016 349.91989349296 3.37067610308 J2016.0 303.598 -141.298 5.5945 gaia_edr3 "APASS DR10" 10.43 10.097 10.008 9.868 "" 244343055.2693973 332047335.79750663 360412628.649144 410015240.5066133 "" 1.0 10.0
4274869292908169088 273.64030304696 0.17567614515000002 J2016.0 18.406 -31.041 11.9224 gaia_edr3 "APASS DR10" 7.767 7.471 7.485 7.477 "" 2839226239.424909 3729065399.621527 3681289736.425315 3708514658.7568617 "" 1.0 10.0
4551981991583160704 268.67906709666 20.269680115510003 J2016.0 -223.831 -349.7630000000001 8.0725 gaia_edr3 "APASS DR10" 10.105 9.655 9.61 9.722 "" 329609712.1774577 498884487.4600127 519995996.53351647 469029328.4059372 "" 1.0 10.0
2410074826036809088 347.16453506592 -15.05459038933 J2016.0 104.948 -286.28 13.4395 gaia_edr3 "APASS DR10" 8.547 8.369 8.199 8.167 "" 1384203681.5687413 1630797361.0235949 1907216520.5939066 1964264645.8798566 "" 1.0 10.0
2722849325377392384 334.65338103133996 8.44536883141 J2016.0 283.278 -102.144 6.3798 gaia_edr3 "APASS DR10" 10.597 10.177 10.068 10.196 "" 209507705.23651782 308460813.77571446 341035822.6533495 303109815.358405 "" 1.0 10.0
4247355045211154560 301.43405849057 4.04725762139 J2016.0 -133.734 -167.81599999999997 7.6484 gaia_edr3 "APASS DR10" 10.63 10.277 10.107 10.062 "" 203235701.0936221 281319605.6799959 329003107.52470535 342925673.2975598 "" 1.0 10.0
4243275719623780608 304.75300582227 2.23340757129 J2016.0 18.92 -1.491 11.4967 gaia_edr3 "APASS DR10" 7.45 7.392 7.34 7.392 "" 3801893963.205613 4010513660.865758 4207266283.844443 4010513660.865758 "" 1.0 10.0
3920615854833203328 183.00470683567002 13.259329709589998 J2016.0 -218.296 -439.476 7.4491 gaia_edr3 "APASS DR10" 10.355 10.202 10.229 9.857 "" 261818300.8218985 301439388.42794687 294035657.3672511 414190372.6221005 "" 1.0 10.0
3699954179060804864 186.39551270289 1.28186445378 J2016.0 -31.659 -471.72 9.4053 gaia_edr3 "APASS DR10" 9.983 9.557 9.483 9.453 "" 368807717.22615486 546009249.7542733 584520840.3588562 600896950.4834863 "" 1.0 10.0
4426498680874318592 238.76055627983 5.07017742035 J2016.0 -282.673 29.628 6.9597 gaia_edr3 "APASS DR10" 9.821 8.547 8.492 8.496 "" 428153994.33741766 1384203681.5687413 1456129498.6160562 1450774789.0889115 "" 1.0 10.0
4279979582440702720 280.13026976939 2.68437499928 J2016.0 -35.30300000000001 -15.733 8.1109 gaia_edr3 "APASS DR10" 8.22 7.871 7.794 7.954 "" 1870682140.3658004 2579882936.040373 2769491266.8096843 2390011551.4847283 "" 1.0 10.0
4209904751452473984 294.43226301162 -5.06185329956 J2016.0 19.457 -14.751 12.7742 gaia_edr3 "APASS DR10" 7.581 7.496 7.556 7.494 "" 3369767985.844036 3644181507.8886094 3448259965.526234 3650900524.844986 "" 1.0 10.0
4225764240307248768 308.8623030639 -2.05147319365 J2016.0 15.433 12.32 7.2515 gaia_edr3 "APASS DR10" 7.758999999999999 7.626 7.665 7.757999999999999 "" 2860223693.9542828 3232957533.6809425 3118889584.093938 2862859270.872126 "" 1.0 10.0
4233114892151395712 308.92800170278 3.30259101513 J2016.0 -141.29399999999995 -69.196 17.8677 gaia_edr3 "APASS DR10" 7.692 7.3039999999999985 7.278 7.122999999999998 "" 3042285727.480961 4349106072.324539 4454510633.5989895 5138069802.323452 "" 1.0 10.0
3501202540212450432 188.6935278029 -23.47560954907 J2016.0 -238.088 4.033 6.5532 gaia_edr3 "APASS DR10" 9.898 9.137 9.106 9.174 "" 398841186.90905297 803896244.8571258 827179951.8641348 776962395.9921392 "" 1.0 10.0
3830980604624181376 156.12879906415154 -0.5353223337546932 J2016.0 -21.30106779257901 -5.6699874218101245 1.0090016418812464 gaia_edr3 "PS1 DR2" 18.8966007232666 19.273099899291992 19.57550048828125 19.813800811767575 19.90049934387207 100313.57558017236 70918.58149072563 53678.42996208626 43100.23868939355 39792.411810612575 1.0 450.0
3559181712491390208 167.7476479635592 -17.165085636881628 J2016.0 5.453735798364239 -8.015059674423252 1.0296915421242048 gaia_edr3 "PS1 DR2" 17.90410041809082 18.29210090637207 18.608800888061523 18.904199600219727 19.10700035095215 250241.7870203631 175049.00134265496 130761.42500790274 99613.94962336992 82641.81745852718 1.0 450.0
765355922242992000 167.86380356646728 39.9411403319549 J2016.0 2.7338255526066337 2.9334679055095387 0.8138545734420104 gaia_edr3 "PS1 DR2" 18.43320083618164 18.899900436401367 19.297000885009766 19.55500030517578 19.68720054626465 153716.209112253 100009.1705667914 69374.46484538981 54701.58091402332 48430.59241694667 1.0 450.0
3891742709551744640 181.71004268809972 2.028371721366028 J2016.0 -5.06119663065238 -23.36651771922378 1.8722829857244032 gaia_edr3 "PS1 DR2" 18.69860076904297 19.04750061035156 19.368600845336914 19.64900016784668 19.739999771118164 120381.48389070887 87297.0877643414 64947.08474938343 50164.897922204414 46131.76718098066 1.0 450.0
1539041748873288704 183.5212958717449 45.63850723955974 J2016.0 0.2783996612171269 13.924612795013076 2.03025585627377 gaia_edr3 "PS1 DR2" 17.795900344848633 18.225299835205078 18.58489990234375 18.87969970703125 19.071199417114254 276464.8114976451 186157.29766018342 133671.87474430833 101887.31490693589 85412.26388349805 1.0 450.0
3734528631432609920 195.6434265068369 10.210754591575915 J2016.0 -12.856134775128252 -16.837093714579446 2.6641231727984303 gaia_edr3 "PS1 DR2" 17.056400299072266 17.501800537109375 17.853300094604492 18.1210994720459 18.314800262451172 546310.9185200251 362476.44109563826 262228.5431402765 204908.61183704514 171427.26448079347 1.0 450.0
3684543213630134784 198.68768979877171 -3.2376903812356908 J2016.0 -3.9297032814555095 -5.658924901910843 1.2699728671918844 gaia_edr3 "PS1 DR2" 19.087099075317386 19.568700790405273 19.916200637817386 20.194700241088867 20.270000457763672 84170.58970290123 54015.65961116723 39221.097750537316 30347.28921268603 28313.908020396826 1.0 450.0
4419865155422033280 228.58865586941292 0.7978832459016985 J2016.0 4.350263310684371 -26.855328405209807 6.445121594532505 gaia_edr3 "PS1 DR2" 15.728099822998047 16.111299514770508 16.43429946899414 16.70509910583496 16.882699966430664 1856778.3807346646 1304608.470889195 968902.8032156236 755023.3061078301 641091.4921158879 1.0 450.0
1621657158502507520 239.43908236756698 55.76926703091871 J2016.0 -11.676677306116712 -21.47817086078893 1.3104067704976432 gaia_edr3 "PS1 DR2" 17.491899490356445 17.984699249267578 18.3533992767334 18.63909912109375 18.781400680541992 365797.05430067616 232338.028742833 165439.91158117866 127162.87890356992 111542.33400293301 1.0 450.0
4383979187540364288 249.50146737921088 0.7882607488576272 J2016.0 -9.170843875346934 -2.7370445845465934 1.0117349357262513 gaia_edr3 "PS1 DR2" 18.869400024414066 19.280000686645508 19.625099182128906 19.869699478149414 20.05430030822754 102858.4534799876 70469.26233025602 51281.45361839447 40937.395501607 34536.623543081405 1.0 450.0
2293913930823813888 273.6003251954216 78.90085667943298 J2016.0 -10.737977111798113 11.534828701801894 3.9232305047672633 gaia_edr3 "PS1 DR2" 16.58970069885254 16.999399185180664 17.361499786376953 17.634899139404297 17.823299407958984 839691.4294519325 575758.4571740825 412477.3309412604 320656.7188069148 269575.38666802464 1.0 450.0
6910475935427725824 315.46111335476036 -5.764210823228478 J2016.0 9.983572457223573 -11.694435119594688 1.8994835615958137 gaia_edr3 "PS1 DR2" 18.66830062866211 19.065099716186523 19.38290023803711 19.663400650024414 19.77560043334961 123788.34269124555 85893.46316067253 64097.32492298798 49503.93707581067 44643.66356830909 1.0 450.0
2644572064644349952 352.42216917151717 0.18543461946438736 J2016.0 -7.981846944213736 -14.919348247567315 3.4254574433797784 gaia_edr3 "PS1 DR2" 18.148399353027344 18.46640014648437 18.76020050048828 18.948400497436523 19.104000091552734 199820.60004533178 149087.0568671516 113741.72221213051 95640.05143918774 82870.50080279348 1.0 450.0
2881271732415859072 357.9344768727839 37.928491302640545 J2016.0 -16.412234896328926 -9.940955767835336 1.469232952712224 gaia_edr3 "PS1 DR2" 18.10709953308105 18.454200744628906 18.766300201416016 18.9817008972168 19.15180015563965 207567.8977316184 150771.65503419947 113104.5091751999 92751.22220209792 79301.23260369862 1.0 450.0
